COMP_648_I3_S7_333
2818
7253
12808
0
27
116
7.775
884|
COMP_648_I3_S7_333_opt
2812
6776
12802
0
19
255
7.699
884|
COMP_648_I5_V7_333
2768
7221
12385
0
27
116
4.192
1412|
COMP_648_I5_V7_333_opt
2872
6787
12441
0
19
247
4.055
1412|
COMP_648_I6_V7_333
2990
7283
12390
0
27
116
4.415
1676|
COMP_648_I6_V7_333_opt
2859
6787
12440
0
19
247
4.290
1676|
COMP_672_I5_V7_333
2255
5880
9787
0
21
99
4.094
1856|
COMP_672_I5_V7_333_opt
2359
5417
9827
0
16
172
4.265
1856|
COMP_768_I5_V7_333
3152
8134
14552
0
32
136
4.554
1232|
COMP_768_I5_V7_333_opt
3173
7717
14630
0
24
272
4.453
1232|
COMP_1152_I5_V7_333
5306
11722
21521
0
42
200
4.730
1232|
COMP_1152_I5_V7_333_opt
4917
10934
21650
0
32
404
4.531
1232|
COMP_1920_I5_V7_333
9169
21998
36053
0
70
328
4.992
1232|
COMP_1920_I5_V7_333_opt
8795
20962
35713
0
52
728
4.648
1232|
COMP_1944_I5_V7_333
8560
22319
36413
0
70
332
4.885
1382|
COMP_1944_I5_V7_333_opt
8988
20925
36150
0
52
737
4.618
1382|
COMP_1944_I8_K7_333
9182
22331
36409
0
70
332
4.706
2156|
COMP_1944_I8_K7_333_opt
8583
20824
36150
0
52
737
4.383
2156|
COMP_2304_I10_V7_333
11044
26288
42975
0
82
392
5.316
2372|
COMP_2304_I10_V7_333_opt
10757
24798
42735
0
62
872
4.732
2372|
