short mHb = 16;
short nHb = 64;
short ExpansionFactor = 256;
static short SeIRA_Optique_wc4_N_8192_G_6_8_ACE_4_5_algo2_TabEncode[] = {  58 , -1 ,104 , -1 , -1 , -1 , -1 , -1 , -1 , -1 , -1 , -1 , -1 , -1 , -1 , -1 , 28 , -1 , 87 , -1 , -1 , -1 ,113 , -1 , -1 , -1 , -1 , -1 , -1 , 75 , -1 , -1 , 81 , -1 , 58 , -1 , -1 , -1 , -1 , -1 , 31 , -1 , 16 , -1 , -1 , -1 , -1 , -1 ,	  0 ,  0 , -1 , -1 , -1 , -1 , -1 , -1 , -1 , -1 , -1 , -1 , -1 , -1 , -1 , -1 ,
                                        -1 , -1 , 48 , -1 , -1 , -1 , -1 , -1 , -1 , -1 , -1 , 44 , -1 , -1 , -1 , -1 , -1 , -1 , -1 , -1 , 49 , -1 , -1 , -1 , -1 , -1 , -1 , -1 , -1 , -1 , -1 , -1 , -1 , -1 , -1 , -1 , 89 , -1 ,122 , -1 , -1 , 68 , -1 , -1 , -1 , 82 , -1 , -1 ,	 -1 ,  0 ,  0 , -1 , -1 , -1 , -1 , -1 , -1 , -1 , -1 , -1 , -1 , -1 , -1 , -1 ,
                                        -1 , -1 , -1 , -1 , 28 , -1 , -1 , -1 , -1 , -1 , -1 , -1 , -1 , -1 , 98 , -1 , -1 , -1 , 54 , -1 , -1 , -1 , -1 , -1 , -1 , -1 , 54 , -1 , -1 , -1 , 69 , -1 , -1 , 85 , -1 , -1 , -1 , 92 , -1 , -1 , -1 , -1 , -1 , -1 , -1 , 54 , -1 , -1 ,	 -1 , -1 ,  0 ,  0 , -1 , -1 , -1 , -1 , -1 , -1 , -1 , -1 , -1 , -1 , -1 , -1 ,
                                        62 ,  4 , -1 , -1 , -1 , -1 , 99 , -1 , -1 , -1 , -1 , -1 , -1 ,120 , -1 ,101 , 47 , -1 , -1 , -1 , -1 , -1 , -1 , 97 , 51 ,116 , -1 , -1 , -1 , -1 , -1 , -1 , -1 , -1 , -1 , 52 , 74 , -1 , -1 , -1 , -1 , -1 , 48 ,107 , -1 , -1 , -1 , -1 ,	 -1 , -1 , -1 ,  0 ,  0 , -1 , -1 , -1 , -1 , -1 , -1 , -1 , -1 , -1 , -1 , -1 ,
                                        -1 , -1 , -1 , -1 , -1 , -1 , -1 , -1 , -1 , -1 , -1 , 56 , -1 , 52 , 61 , -1 , -1 , 32 , -1 , -1 ,122 ,116 , 85 , -1 , -1 , -1 , -1 , -1 , -1 , -1 , -1 , -1 , -1 , -1 , -1 , -1 , -1 , -1 , -1 , 49 , -1 ,107 , -1 , -1 , -1 , -1 , -1 , -1 ,	 -1 , -1 , -1 , -1 ,  0 ,  0 , -1 , -1 , -1 , -1 , -1 , -1 , -1 , -1 , -1 , -1 ,
                                        55 , -1 , -1 , -1 , -1 , 90 , -1 , 51 , 90 , -1 , -1 , -1 , -1 , -1 , 79 , -1 , -1 , -1 , -1 , 72 , -1 , -1 , -1 , -1 ,  6 , -1 , 76 , -1 , -1 , -1 ,100 , -1 , 60 , -1 , 71 , -1 , -1 , -1 , -1 , -1 , -1 , -1 , -1 , -1 , 42 ,111 , -1 , -1 ,	 -1 , -1 , -1 , -1 , -1 ,  0 ,  0 , -1 , -1 , -1 , -1 , -1 , -1 , -1 , -1 , -1 ,
                                        -1 , -1 , -1 , -1 ,104 , -1 , 76 , -1 , -1 , -1 , -1 ,  9 , -1 , -1 , -1 , 64 , -1 , -1 , -1 , -1 , -1 ,111 , -1 , -1 , -1 , -1 , 69 ,122 ,120 , -1 , -1 , -1 , -1 , 26 , -1 , -1 , -1 ,120 , -1 , -1 , -1 , -1 , -1 , 73 , -1 , -1 , 82 , -1 ,	 -1 , -1 , -1 , -1 , -1 , -1 ,  0 ,  0 , -1 , -1 , -1 , -1 , -1 , -1 , -1 , -1 ,
                                        -1 , 70 , -1 , 84 , -1 , -1 , -1 , -1 , -1 , -1 , 66 , -1 , 83 , -1 , -1 , -1 ,118 ,124 , 45 , -1 , -1 , -1 , -1 , -1 , -1 , -1 , -1 , -1 , 22 , -1 , -1 , 50 , -1 , -1 , -1 , -1 , -1 , -1 , -1 , 94 , -1 , -1 , -1 , -1 , -1 , -1 , 44 , -1 ,	 -1 , -1 , -1 , -1 , -1 , -1 , -1 ,  0 ,  0 , -1 , -1 , -1 , -1 , -1 , -1 , -1 ,
                                        -1 , -1 , -1 , -1 , -1 , -1 , 68 , -1 , -1 , 44 , -1 , -1 , 17 , 11 , -1 , -1 , -1 , -1 , -1 , -1 , 27 , -1 , -1 , 41 , -1 , -1 ,124 ,  3 , -1 , 47 , 43 , -1 , 58 , -1 , 62 , -1 , 86 , -1 , -1 , -1 , -1 ,117 , -1 , -1 , -1 , 89 , 52 , -1 ,	 -1 , -1 , -1 , -1 , -1 , -1 , -1 , -1 ,  0 ,  0 , -1 , -1 , -1 , -1 , -1 , -1 ,
                                        -1 , 94 , -1 , -1 , -1 , -1 , -1 , -1 , -1 , -1 , 87 , 78 , -1 , -1 , -1 , -1 , -1 , -1 , -1 , -1 , -1 , -1 , 74 , -1 , -1 , 24 , -1 , -1 , -1 , -1 , -1 ,126 , -1 , -1 , -1 , 52 , -1 , -1 , -1 , -1 ,110 , -1 , -1 , 10 , -1 , -1 , -1 , 32 ,	 -1 , -1 , -1 , -1 , -1 , -1 , -1 , -1 , -1 ,  0 ,  0 , -1 , -1 , -1 , -1 , -1 ,
                                        -1 , -1 , 86 , -1 ,103 , -1 , -1 , -1 , 96 , -1 , -1 , -1 , -1 , -1 , 89 ,102 , -1 , -1 , 35 , -1 , -1 , -1 , -1 , -1 ,120 , -1 , -1 , 64 , -1 ,122 ,102 , -1 , -1 ,127 , -1 , -1 , -1 , 87 , 72 , 66 , 17 , -1 , 33 , -1 , 13 , -1 , -1 , -1 ,	 -1 , -1 , -1 , -1 , -1 , -1 , -1 , -1 , -1 , -1 ,  0 ,  0 , -1 , -1 , -1 , -1 ,
                                        -1 , -1 , -1 , -1 , -1 , -1 , -1 , 39 , -1 , -1 , -1 , -1 , 51 , -1 , -1 , 30 , 40 , 31 , -1 ,112 , -1 , -1 , -1 , -1 , -1 , -1 , -1 , -1 , 28 , 98 , -1 , -1 , -1 , -1 , -1 , -1 ,111 , -1 , 79 , 45 , -1 , -1 , -1 , -1 , -1 , -1 , 66 , -1 ,	 -1 , -1 , -1 , -1 , -1 , -1 , -1 , -1 , -1 , -1 , -1 ,  0 ,  0 , -1 , -1 , -1 ,
                                        -1 , -1 , 96 ,104 , -1 , 58 ,101 ,100 , 45 , 41 , -1 , -1 , -1 , -1 , -1 , -1 , -1 , -1 , -1 , -1 , -1 , -1 , -1 ,  3 , 81 , 48 , -1 ,  6 , -1 , -1 , -1 , 21 , -1 , 52 , -1 ,119 , -1 , -1 , 43 , -1 , -1 , -1 , -1 , -1 , -1 , -1 , -1 ,113 ,	 -1 , -1 , -1 , -1 , -1 , -1 , -1 , -1 , -1 , -1 , -1 , -1 ,  0 ,  0 , -1 , -1 ,
                                        -1 , 20 , -1 ,116 , -1 ,112 , -1 , 89 , -1 , 82 , 56 , -1 , -1 , 16 , -1 , -1 , -1 , -1 , -1 , -1 , 33 ,  6 , -1 , -1 , -1 , -1 , -1 , -1 , -1 , -1 , -1 , 25 , -1 , -1 ,  5 , -1 , -1 , -1 , -1 , -1 , 97 , -1 , -1 , -1 , 21 , -1 , -1 , 41 ,	 -1 , -1 , -1 , -1 , -1 , -1 , -1 , -1 , -1 , -1 , -1 , -1 , -1 ,  0 ,  0 , -1 ,
                                        -1 , -1 , -1 , 64 , 91 , -1 , -1 , -1 , -1 , -1 ,121 , -1 , -1 , -1 , -1 , -1 , -1 , -1 , -1 ,  8 , -1 , 39 , -1 , -1 , -1 , 35 , -1 , -1 , -1 , -1 , -1 , -1 , 10 , -1 , -1 , -1 , -1 ,103 , -1 , -1 , -1 , 10 , 34 , 54 ,115 , -1 , -1 , 36 ,	 -1 , -1 , -1 , -1 , -1 , -1 , -1 , -1 , -1 , -1 , -1 , -1 , -1 , -1 ,  0 ,  0 ,
                                         6 , -1 , -1 , -1 , -1 , 19 , -1 , -1 , 88 , 47 , -1 , -1 , 59 , -1 , -1 , -1 , -1 , 86 , -1 , 93 , -1 , -1 , 22 , 43 , -1 , -1 , -1 , -1 , 18 , -1 , -1 , -1 , -1 , -1 , -1 , 78 , -1 , -1 , -1 , -1 , -1 , -1 , -1 , -1 , -1 , -1 , -1 , -1 ,	 -1 , -1 , -1 , -1 , -1 , -1 , -1 , -1 , -1 , -1 , -1 , -1 , -1 , -1 , -1 ,  0 ,
                                       };